-3.000000 0.456218
-2.843750 1.023194
-2.687500 0.819246
-2.531250 0.166123
-2.375000 -0.584847
-2.218750 -0.959834
-2.062500 -0.837325
-1.906250 -0.409163
-1.750000 0.127410
-1.593750 0.614024
-1.437500 0.975279
-1.281250 1.012794
-1.125000 0.974495
-0.968750 0.825459
-0.812500 0.707140
-0.656250 0.423674
-0.500000 0.322104
-0.343750 0.130789
-0.187500 0.048549
-0.031250 0.065677
0.125000 0.037624
0.281250 0.147219
0.437500 0.210640
0.593750 0.428082
0.750000 0.574003
0.906250 0.824525
1.062500 0.979645
1.218750 1.080152
1.375000 0.961589
1.531250 0.757869
1.687500 0.320922
1.843750 -0.229575
2.000000 -0.694902
