16.000000 8886109.520508
15.925371 8247085.685727
14.962221 3147820.908385
14.367661 1736982.985593
13.635655 835389.943010
12.957400 423961.302936
12.258484 210760.828146
11.567566 105615.073246
10.873564 52761.911101
10.180760 26389.514125
9.487506 13192.853715
8.794453 6596.544472
8.101375 3297.999537
7.408411 1648.802478
6.715613 824.189423
6.023171 411.885780
5.331431 205.733557
4.641095 102.657836
3.953559 51.120524
3.271582 25.353006
2.600577 12.471503
1.950928 6.035213
1.341762 2.825779
0.805416 1.237627
0.387448 0.473216
0.128701 0.137350
0.022888 0.023152
0.001436 0.001437
0.000016 0.000016
